#frame Vx Vy команда установки высоты и ширины изображения. 
#Если команда встречается в файле более одного раза, 
#то каждый последующий экземпляр команды
#отменяет действие предыдущей;
#color R G B команда установки цвета для последующих объектов;
#thickness p команда установки толщины линий последующих объектов;
#path n задается ломаная линия состоящая из n точек. 
#Команда объявляет, что в следующих строках 
#(отличных от пустых и строк с комментариями) представлены
#координаты n точек, по паре координат в отдельной строке.

frame 20. 30.
##Бантик
color 252 114 114
thickness 4
#основа бантика
path 7
6. 7.
10. 3.
14. 7.
14. 1.
10. 5.
6. 1.
6. 7.
# узорчик
color 252 194 3
thickness 2
path 4 
6. 6.
7. 5.
6. 4.
6. 6.
color 3 74 252
path 4
6. 3.
7. 2.
6. 1.
6. 3.
color 212 130 245
path 5
7. 4.
8. 4.
8. 3.
7. 3.
7. 4.
color 97 232 44
path 5
12. 5.
13. 5.
13. 4.
12. 4.
12. 5.
color 242 75 75
path 4
14. 7.
14. 5.
13. 6.
14. 7.
color 252 194 3
path 4
14. 4.
14. 2.
13. 3.
14. 4.
# волосы
color 25 255 60
thickness 5
path 9
5. 22.
1. 17.
1. 15.
2. 16.
1. 14.
2. 13.
3. 15.
2. 12.
4. 10.
path 9
15. 22.
19. 17.
19. 15.
18. 16.
19. 14.
18. 13.
17. 15.
18. 12.
16. 10.
#контур лица
thickness 3
color 255 182 163
path 10
5. 17.
4. 15.
4. 10.
5. 8.
9. 6.
11. 6.
15. 8.
16. 10.
16. 15.
15. 17.
# губы
color 255 82 36
thickness 5
path 15
4. 11.
4. 12.
5. 13.
6. 13
7. 12.
10. 11.
13. 12.
14. 13.
15. 13.
16. 12.
16. 11.
13. 9.
10. 8.
7. 9.
4. 11.
# рот
color 112 75 65
thickness 3
path 2
5. 11.
6. 12.
path 2
15. 11.
14. 12.
path 5
6. 11.
7. 10.
10. 9.
13. 10.
14. 11.
# нос 
thickness 7
color 255 0 0
path 10
6. 13.
7. 15.
9. 16.
11. 16.
13. 15.
14. 13.
13. 12.
10. 11.
7. 12.
6. 13.
# глаза снаружи
color 4 8 207
thickness 3
path 14
10. 18.5
9. 16. 
7. 16.
5. 17.
5. 19.
7. 21.
9. 21.
11. 16.
13. 16.
15. 17.
15. 19.
13. 21.
11. 21.
10. 18.5
# глаза внутри
color 166 203 245
thickness 2
path 7
7. 16.
6. 17.
7. 19.
8. 19.
9. 17.
8. 16.
7. 16.
path 7
13. 16.
14. 17.
13. 19.
12. 19.
11. 17.
12. 16.
13. 16.
# зрачки
color 0 0 0
thickness 7
path 5
7. 16.
7. 17.
8. 17.
8. 16.
7. 16.
path 5
13. 16.
13. 17.
12. 17.
12. 16.
13. 16.
# шапочка
color 228 255 56
thickness 4
path 17
8. 22.
6. 21.
5. 22.
5. 23.
7. 24.
6. 26.
7. 28.
8. 29.
12. 29.
13. 28.
14. 26.
13. 24.
15. 23.
15. 22.
14. 21.
12. 22.
8. 22.
# звездочка
color 232 23 187
thickness 3
path 13
15. 26.
16. 27.
16. 26.
17. 25.
16. 25.
15. 24.
15. 25.
14. 26.
15. 26.
16. 26.
16. 25.
15. 25.
15. 26.
# палочка
color 0 0 0
thickness 4
path 2
15. 25.
12. 23.